Experiment run time: 	 400.0 s
Time between experiments: 	 0.5 s
Averaging Number 	 20
0.0006446999905165285	4.131790599999992e-09
1.1739759999909438	-2.5034541352000004e-07
2.1158187999972142	5.528561272000002e-08
3.0501173000084236	3.1164298568e-07
4.1150599000102375	-3.4092976272000006e-08
5.397356400004355	-3.484021824000001e-08
6.337032400013413	-4.730912135999998e-08
7.410004800010938	2.4461581568e-08
8.485508799989475	1.2713539719999998e-07
9.557552100013709	5.597459504e-08
10.844281800003955	2.3376496063999998e-07
11.812181999994209	-8.994240064000001e-08
12.887854100001277	2.5013989600000005e-08
13.960951899993233	5.5307437200000014e-08
15.037390000012238	-9.327993655999998e-08
16.319834599999012	-4.4665552071999993e-07
17.323908599995775	-8.199595191199999e-08
18.39401779999025	-1.1821073727999999e-07
19.47082980000414	-2.5666188312000003e-07
20.542393000010634	-4.3086200832000006e-07
21.822077599994373	-1.148516462e-07
22.808849199995166	-2.375028952e-07
23.87515100001474	7.22678480000004e-10
24.94137280000723	-1.9944852624000007e-08
26.00759379999363	9.8995540488e-08
27.2861865000159	-1.3854070968e-07
28.303339700010838	1.8284010536e-07
29.37003160000313	3.4195494560000006e-08
30.436810399987735	-1.4138339936e-07
31.51081730000442	2.741853007999998e-08
32.798397800012026	1.4740026688000002e-07
33.81351390000782	2.326940260800001e-08
34.889824899990344	-1.0606510167999998e-07
35.964526800002204	-1.7861100095999997e-07
37.03933870000765	-2.7854240704e-07
38.3279068999982	-4.593812112e-08
39.31250420000288	-1.1689028799999999e-08
40.388857599988114	-5.542796736e-08
41.46692420000909	-3.0375072559999986e-08
42.53787229998852	7.9376919616e-08
43.817894900013926	-9.689796824000002e-08
44.80380190000869	3.8617962592e-08
45.86927659998764	-2.905375704e-07
46.93577159999404	5.920489824000001e-08
48.00182330000098	-1.9097901624e-07
49.28179710000404	-1.7706723544e-07
50.30375990000903	-8.528327240000002e-08
51.36980459999177	6.863745080000001e-08
52.43610570000601	-4.805601632e-08
53.50497639999958	-1.9843770459200001e-07
54.79278180000256	-2.5491053104000004e-07
55.81389260001015	-3.720491928e-07
56.890237799991155	1.2076822624e-07
57.96530869998969	1.0271457931199999e-07
59.040350399998715	-1.3986347999999987e-08
60.32766939999419	-7.413439288000001e-08
61.312168200005544	-8.946751360000008e-09
62.38028360001044	-7.702799555199999e-08
63.44969680000213	-5.463811588799998e-08
64.52530519998982	6.430891060000001e-08
65.80491279999842	-1.3561827647999998e-07
66.80611639999552	-1.2421192272e-07
67.87247470000875	1.0969144136000001e-07
68.93844140000874	-1.9552235374399997e-07
70.00486210000236	-2.3304116639999988e-08
71.28405180000118	7.355238359999999e-09
72.30565679998836	-2.2527755848000004e-07
73.37258019999717	-1.36917857968e-07
74.4386419999937	-1.8433890644000002e-07
75.50560179998865	2.3607002879999997e-08
76.78337170000304	4.5106436799999994e-08
77.80546900001355	-1.6026999175999995e-07
78.87891550001223	-7.093344295999998e-08
79.95418960001552	-4.852275080000001e-08
81.02869790000841	1.0062517352e-07
82.31491119999555	-6.333820559999998e-08
83.31395260000136	-5.301514583999998e-08
84.39041640001233	-5.640358992e-08
85.46687279999605	1.0481060084000001e-07
86.5436611000041	-3.024599824000001e-08
87.83303450001404	-1.6012586096e-07
88.81003870000131	6.048974708e-08
89.87958939999226	-1.3881278148e-07
90.94543600000907	2.4553642225600004e-07
92.01336929999525	7.182508048e-09
93.29173699999228	2.596820744000001e-08
94.30533110001124	1.7136112491199997e-07
95.37225670000771	1.5861763367999993e-08
96.43780610000249	-7.734362888e-08
97.50311150000198	-3.903257776e-08
98.78200659999857	-5.0409943840000004e-08
99.80938359998981	-3.4534497680000006e-07
100.88387049999437	-3.2027764059200003e-07
101.95939949998865	-1.4232347688e-07
103.03586520001409	2.2955025369600002e-07
104.32372409998788	1.9871172159999998e-07
105.31456629998866	-2.0944969271999998e-07
106.391171700001	-2.663170056e-07
107.46781900001224	-3.703651167999999e-08
108.54452610001317	-1.3376503823999992e-08
109.82599199999822	1.0004073040000008e-08
110.810421400005	-1.9652813584e-07
111.87700030000997	-2.668696808e-07
112.94585550000193	7.154496703999998e-08
114.01382739999099	-1.5046354432e-07
115.29201599999215	-1.55072686192e-07
116.30616259999806	-3.7026136520000005e-07
117.37287880000076	-4.800510776e-08
118.44003470000462	1.2958964736e-07
119.51428599999053	1.641322532e-07
120.79433679999784	-2.7009299615999994e-07
121.81484519998776	-2.42628234944e-07
122.88566900001024	-5.448741671999999e-08
123.95179280001321	-5.6497631199999996e-08
125.01815779999015	-1.2495874416000005e-07
126.29671399999643	-1.1086728416000002e-07
127.3051104999904	-8.48019004e-08
128.37929810001515	-3.876041444e-07
129.45459899998968	-5.4156908800000004e-08
130.53022539999802	-2.8154976352000005e-07
131.81787860000622	-1.93484831e-07
132.81489959999453	-4.848441844e-07
133.89154489999055	-1.8324103070400002e-07
134.96772380001494	-3.5831696972e-07
136.04422660000273	-9.103339255999998e-08
137.33384060001117	-1.0152818712e-07
138.31468720000703	-1.6018319984e-07
139.39168739999877	-1.1027875664000001e-07
140.4676477999892	-1.209312604e-07
141.53602359999786	-8.980564623999999e-08
142.8168025999912	-3.201480614399999e-07
143.80545260000508	6.183285456000003e-08
144.87119320000056	-3.6740434088e-07
145.93783949999488	-1.9944244864000002e-07
147.00402180000674	2.2331266031999996e-07
148.28888870001538	-2.8737155424000005e-07
149.31582509999862	-2.8243033599999888e-09
150.39131750000524	-2.804224504000001e-08
151.46726370000397	-1.15396846424e-07
152.5424205000163	8.46099256e-08
153.83000660000835	1.4384677467199997e-07
154.81514890000108	-1.7660054392e-07
155.89187319998746	-1.0698884480000002e-08
156.96051920001628	-9.022892415999999e-08
158.02634589999798	1.1029410608e-07
159.30458279998857	-2.62269002432e-07
160.30648120000842	-3.460054048e-07
161.3725221999921	-1.0359522295999999e-07
162.43875989998924	1.3769413024e-07
163.5134018000099	-2.7712277279999998e-08
164.80128039998817	-1.6824484248000004e-07
165.81619420001516	-2.9016368048e-07
166.8925312999927	2.05200442448e-07
167.96495829999913	2.2609079376e-08
169.0409656999982	-7.297202696e-08
170.3207490000059	-2.08336289392e-07
171.31138639998971	-1.9133794611200002e-07
172.3856972999929	-1.4581926040000001e-07
173.46119329999783	-2.3398551224000003e-07
174.53690149998874	-3.490275356000001e-07
175.817778800003	-3.1436270030399993e-07
176.81028900001547	-4.1030988368e-07
177.8785396000021	-1.97604726704e-07
178.94531209999695	-4.5517548064000003e-07
180.02170680000563	-6.052473263999998e-08
181.30435520000174	-2.0330426296000001e-07
182.30696889999672	-1.2924374400000014e-08
183.39570850000018	-4.95491956e-08
184.47109350000392	6.807022328799999e-08
185.5454095999885	-1.5049280919999998e-07
186.83566290000454	7.048254608e-08
187.81005550001282	3.79855288e-08
188.88212289998773	-1.582953424e-07
189.95200069999555	-1.1319272528000001e-07
191.02124249999179	-2.21501920032e-07
192.3092500999919	-1.53708560096e-07
193.31085310000344	-2.375654608e-08
194.3778350999928	-1.176724004e-07
195.4445099000004	2.0142510940799996e-07
196.51186400000006	-1.1995504896e-07
197.79153940000106	-2.2258558839999997e-07
198.8078017999942	3.3444296000000247e-10
199.8821964999952	-5.447261791999998e-08
200.95475999999326	7.692526960000004e-09
202.02688439999474	-3.3013365576e-07
203.3099099000101	-1.7284647807999996e-07
204.31118710001465	-6.1178089248e-08
205.3789601000026	-1.3441274536000002e-07
206.44599050001125	-2.2602402584000003e-07
207.52031429999624	1.0757522640000004e-08
208.80397300000186	2.9587248664e-07
209.81599420000566	1.6019936736e-07
210.89090629998827	-3.7896944928000005e-07
211.9658318000147	-2.0219892704799998e-07
213.03932420001365	-7.725782183999998e-08
214.31961870001396	-2.3293675856000002e-07
215.30847590000485	-1.24886390448e-07
216.37549850001233	2.7957460320000006e-08
217.4422673000081	3.451870960000002e-08
218.50946950001526	-9.915181264e-08
219.78954980001436	-1.1851954808000002e-07
220.81148490001215	7.40931744e-08
221.88255730000674	4.5049265760000005e-08
222.9500112000096	-4.7229967632e-08
224.01734560000477	-3.5896991455999995e-07
225.3001377999899	-2.922033685600001e-07
226.3119977999886	-1.4899185136000004e-07
227.38720319999265	-3.3073846559999984e-08
228.45797049999237	-8.972640175999999e-08
229.52879989999929	-1.29222571712e-07
230.80843760000425	1.4100377580799996e-07
231.8087860000087	-4.769696671199998e-07
232.8751317000133	-2.585425528e-07
233.94181150000077	-3.2828170223999996e-07
235.00965580000775	-1.8690120304e-07
236.29410190001363	-1.6318378905599998e-07
237.30888289998984	-4.987187007999999e-08
238.3761679000163	-1.5296217899200002e-07
239.44921970000723	-2.2502654216000002e-07
240.5222286999924	-1.8292500936000003e-07
241.80915580000146	-9.902287479999999e-08
242.81286929998896	-1.4174902759999994e-07
243.88384309998946	-2.229189463999999e-08
244.95501169998897	1.4332979712e-07
246.0254416000098	-1.3361845600000006e-08
247.3124686999945	-4.1953763200000004e-08
248.3088390000048	-1.2851885247999997e-07
249.37559539999347	-3.86492126272e-07
250.44217280001612	-3.6533673864e-07
251.5088539000135	-5.081937679999998e-08
252.78795220001484	-4.3023715200000004e-08
253.80858889999217	-2.4237718687999998e-08
254.87771410000278	-1.7657920911999998e-07
255.94455929999822	-5.603801283199999e-08
257.0121024000109	-2.1746358079999995e-08
258.29336519999197	-6.626748456e-08
259.3092871000117	-1.0909395416000003e-07
260.3762616000022	-5.926861048000002e-08
261.443348700006	6.652706099999998e-08
262.51011689999723	-1.28791979568e-07
263.78941319999285	-7.769978480000006e-09
264.8154252000095	1.2434253952e-07
265.8889815000002	-1.269754632e-07
266.96125719998963	6.306756487999999e-08
268.0369192000071	6.136620279999999e-08
269.3241909999924	-6.390525772000001e-08
270.30870309998863	2.9904551599999995e-07
271.3811071999953	3.2731417600000004e-08
272.45362909999676	-2.42778600152e-07
273.5282553000143	-1.8672211744e-07
274.81620040000416	-7.8650579488e-08
275.8178026000096	1.0165865487999999e-07
276.89202120000846	3.65933148e-08
277.9629203999939	-5.732313515999999e-08
279.03658889999497	-1.8611196628000003e-07
280.3160164000001	9.002225688000001e-08
281.308996000007	2.4264451472e-07
282.3760023000068	-2.840816119999999e-08
283.44402160000755	1.979290764e-07
284.5109908999875	2.679700994e-07
285.7895378000103	1.7196439072e-07
286.81227120000403	-3.3342916400000003e-07
287.88046340001165	-1.1972527079999998e-07
288.95038439999917	1.28994923952e-07
290.02078540000366	1.1196006752000005e-07
291.30102230000193	7.640526232e-08
292.3096705999924	7.57592488e-08
293.3762396000093	-2.64932070832e-07
294.4442119000014	-1.8340563319999998e-07
295.5108920999919	-2.181637016e-07
296.7952731999976	2.8366206160000014e-08
297.8139144000015	-1.0272012656e-07
298.88543460000074	1.3794585327999998e-07
299.9563116999925	8.521323801599999e-08
301.0299815000035	-1.6179119635999998e-07
302.31283260000055	-5.6267229807999995e-08
303.3094992999977	1.7089382960000002e-08
304.37980570000946	-4.2426499151999995e-07
305.45213009999134	-4.9627489216000004e-08
306.51780460000737	-1.0385412936e-07
307.79719700000715	1.6236056464e-07
308.8100819000101	6.280215401600001e-08
309.8781283000135	4.0713896112e-08
310.94420580001315	-3.091351823999999e-08
312.010821200005	-2.710180664e-08
313.2902327000047	3.0458735847999997e-07
314.3102014999895	5.484844455999998e-08
315.3763176999928	9.573652320000003e-08
316.44906469999114	3.9522066399999976e-08
317.515153299988	-2.292331552000001e-08
318.79743269999744	-8.127721608000001e-08
319.81517590000294	9.846488143999986e-09
320.8869707999984	1.9243036364e-07
321.95849779999116	6.822160296000001e-08
323.03260020000744	-4.9312050719999996e-08
324.3135297000117	-9.217498940800001e-08
325.31068029999733	-1.0296368383999999e-07
326.37771649999195	-5.7430246976e-08
327.4456610000052	1.0605906087999999e-07
328.51266840001335	-9.587883399999999e-08
329.79239859999507	-9.289924055999999e-08
330.81730650001555	3.2311453112e-07
331.8889950000157	9.674842440000001e-08
332.96023699999205	6.165346268800001e-08
334.03452409998863	-2.3226191184e-07
335.31969760000356	-1.0320766271999997e-07
336.30989679999766	-7.889377391199998e-08
337.3795100999996	1.6920819067199998e-07
338.4494384000136	5.894684784000001e-08
339.52266089999466	7.821479279999989e-09
340.80791339999996	-5.855651527999998e-07
341.81388090000837	2.5535008728e-07
342.88572540000314	1.0051725766399999e-07
343.9586425999878	-8.097592776e-08
345.03120100000524	-4.2631078151999997e-07
346.3107318000111	6.504132998399998e-08
347.3116411000083	-1.7180396559999994e-08
348.3786198000016	-2.2201825321600003e-07
349.4449361000152	-2.0023425600000003e-08
350.5115553000069	1.7175357679999984e-08
351.7900138999976	-6.193155795199999e-08
352.81095859999186	-8.002785136e-08
353.87766990001546	-1.1230284920000001e-07
354.9447223999887	-7.865750484800001e-08
356.0117428000085	-1.6667260272000004e-07
357.2951086999965	-2.32592193664e-07
358.3162510000111	-8.246943775999999e-08
359.38711239999975	7.188246166399999e-08
360.4581704000011	-2.3716498927999993e-07
361.53165869999793	-5.78399492e-08
362.8182344000088	7.824307639999999e-08
363.819324400014	3.4274285928000014e-08
364.8939192999969	1.754145488e-08
365.95989649998955	-1.1029985848000003e-07
367.03132899999036	6.299602502400002e-08
368.31805259999237	4.706344543999987e-09
369.31082119999337	9.031680168e-08
370.3788824999938	-1.4426868128e-07
371.44591489998857	-3.373434416e-08
372.5122235000017	-2.622568912e-08
373.7921597000095	-2.8160038192000006e-07
374.8116996999888	-7.513967689599999e-08
375.8837382000056	7.955657064e-08
376.9547462000046	3.606168955199999e-08
378.02512060001027	-1.90455465232e-07
379.3091753000044	-2.5341048072e-07
380.31680820000474	-2.6776723547999996e-07
381.38775270001497	-3.388506583199999e-08
382.45716310001444	-9.793887171199996e-08
383.5230081999907	-2.8124813203200006e-07
384.80532230000244	4.647077655999999e-08
385.8115005000145	-1.8554466816000002e-07
386.87852759999805	-3.1194364723199996e-07
387.9450876000046	-8.609431696000001e-08
389.01146919999155	-1.5392374932e-07
390.29371200001333	8.811327903999999e-08
391.31962319999	-4.6918077148000003e-07
392.3913739999989	-2.1392843152000005e-07
393.46355129999574	-2.2468949939199998e-07
394.53531909998856	-9.84342004e-08
395.81816669998807	-3.5397348959999996e-07
396.8194866999984	-2.8363860244000003e-07
397.88549250000506	3.859572504000001e-08
398.9569101000088	1.6965325348e-07
400.03123620001134	-3.5744645039999995e-08
401.3162132000143	-1.4718339651199998e-07
402.31806479999796	3.691579488799999e-08
403.3883666000038	-1.3373028056e-07
404.458887899993	-2.5585813528e-07
405.5266141000029	-1.0815349643199999e-07
406.8058163000096	-9.249042259199998e-08
407.8128546999942	-3.368384391999999e-08
408.8794409999973	-4.4891904000000075e-09
409.9457865000004	1.0223322248000002e-07
411.01311289999285	-9.535871359999996e-09
412.29277	6.010238307199998e-08
413.3123474000022	-1.28633739808e-07
414.37838320000446	-6.744455480000002e-08
415.44780029999674	-1.0230314688000001e-07
416.51891459999024	-1.3977464792e-07
417.80415650000214	7.648402592e-08
418.82021040000836	-2.2939799676000003e-07
419.8962031000119	-7.076123403999998e-08
420.9675435000099	-7.375166607999987e-09
422.03819690001546	-4.854326247999999e-08
423.3243170999922	-2.498136072e-07
424.31874680001056	-3.9731027273599993e-07
425.38960389999556	4.4159148040000065e-08
426.4595711000147	-2.4805489888e-07
427.5259325999941	-2.9584243512e-07
428.8050843999954	-4.823680824000001e-07
429.8131197000039	-2.2183991840000003e-07
430.8799483999901	-8.183046096e-08
431.9472198000003	-1.8654965208e-07
433.0144978000026	-2.49347371312e-07
434.29444279999007	1.825153151999999e-08
435.31297460000496	-2.6649678488000004e-07
436.3804428000003	-3.026782204000001e-08
437.4477171000035	-2.0247934520000005e-07
438.52006440001423	-2.9429158064e-07
439.80606920001446	-2.5003678030399997e-07
440.8190761000151	-1.9100105968e-07
441.89221970000654	-1.0346623000000001e-07
442.9645225999993	2.1328372916799997e-07
444.0385910999903	-9.976229160000001e-08
445.3181135999912	-3.40743748384e-07
446.31288640000275	-2.519385778400001e-07
447.3865752000129	-2.0928432039999996e-07
448.4585238000145	-4.5508901848e-07
449.53139160000137	-2.6710655352000004e-07
450.8118201000034	-1.9931255439999998e-07
451.81643559999065	-2.181784088e-07
452.8848880000005	-2.2645532568e-07
453.95186979998834	-1.9288826696e-07
455.0188996999932	-1.3796561543999999e-07
456.29793130001053	-3.1553210208e-07
457.3130041999975	-4.1845672831999996e-08
458.37925980001455	-1.1887095319999998e-07
459.4471549000009	1.2461594492e-07
460.51520860000164	-3.841496040000002e-08
461.7951997999917	-2.51924414032e-07
462.81835899999714	9.1429363056e-08
463.88445710000815	-2.5034142527999996e-08
464.95556229999056	-2.5909611196000005e-07
466.0264437000151	-1.713821324e-07
467.31303099999786	1.4257586968e-07
468.3170906000014	7.802734409599999e-08
469.3929258999997	-1.55740440912e-07
470.4650482000143	-1.3126202536e-07
471.53644460000214	1.0455959440000017e-08
472.8235194000008	-7.987022704000001e-08
473.81674629999907	2.3649219974399997e-07
474.8836247000145	-9.202412696e-08
475.95051120000426	1.7232676336000003e-08
477.01775309999357	3.945729296e-08
478.2968297000043	-1.0594337696e-07
479.31379479999305	6.136551528000001e-08
480.3818042000057	-2.216956508e-07
481.44880000001285	-4.321768239999999e-08
482.51577860000543	5.313218330400001e-08
483.7953997000004	-1.2019920872e-07
484.81379429998924	-3.9243570000000006e-07
485.88274510001065	-1.6370779151999997e-07
486.95450130000245	-1.8878239576000003e-07
488.0252443999925	-1.9868857096000003e-07
489.3101377999992	-4.052208206400001e-07
490.31806119999965	9.538425303999999e-08
491.3889065000112	-1.58524970944e-07
492.4630879999895	-4.0898993120000007e-07
493.5969774000114	-4.732871109519999e-07
494.8827905000071	-4.102092253600001e-07
495.82428050000453	-9.728635055999999e-08
496.89883890000056	5.349686495199999e-08
497.9756752999965	-1.5813804407999997e-07
499.04238050000276	-3.5858218684e-07
500.32176980000804	-1.9544422131999996e-07
501.3156922000053	-2.6750953892799994e-07
502.38281599999755	-2.78427522e-07
503.44983600001433	-3.6396606120000004e-07
504.51996450001025	-1.6589088376e-07
505.7989776000031	-1.71439426656e-07
506.8149176000152	-2.4476050032e-07
507.8814324999985	-1.6929393207999998e-07
508.94729270000244	-3.2065905544000003e-07
510.01408439999796	-1.9832359188000002e-07
511.29311400000006	-3.492724868799999e-07
512.3190793000103	-2.2703747815999998e-07
513.3917905999988	-3.6375070728e-07
514.4659550999932	-1.9788510528799995e-07
515.5392675999901	-2.5028793368e-07
516.8225505000155	-2.8760254956000005e-07
517.8227257000108	-5.240680328e-07
518.8974249000021	-4.5160096887999996e-07
519.9667749000073	-4.562993968e-08
521.0353247000021	-3.6896983e-07
522.3151314000133	-2.6405671224e-07
523.3148261999886	-3.794794436e-07
524.3827479000029	-3.5322037768e-07
525.448778799997	-2.4678483472000003e-07
526.5156583999924	-3.7314054920000004e-07
527.8004040000087	-7.051012575999999e-07
528.8201031000062	-3.2957450095999996e-07
529.8953072000004	-2.7924662208e-07
530.9677376000036	-5.714821685599999e-07
532.0393306000042	-5.5638596712e-07
533.3222953999939	-2.2743981350400002e-07
534.3200537000084	-3.2496639144e-07
535.3944378999877	-3.6237331048e-07
536.4652886000113	-1.85345261968e-07
537.5400532000058	-3.1331544424000006e-07
538.8250849999895	-6.273877797599999e-07
539.82400220001	-1.9320552568000002e-07
540.8969044999976	-3.5837512996000006e-07
541.9711588000064	-2.5405037904e-07
543.044824200013	-1.7216561168e-07
544.3243522999983	6.205167119999994e-09
545.3195132999972	-4.6176641647999997e-07
546.3929528000008	-2.9414944664e-07
547.4677552999929	-3.221958294400001e-07
548.5397832000162	-2.2175417841599998e-07
549.8261240000138	-1.7572587536e-07
550.8212085000123	-4.0507132848000003e-07
551.8921843999997	-1.2840555521599996e-07
552.9669065999915	-2.0829094400000018e-08
554.0385996999976	-1.63508446432e-07
555.3229127000086	-8.279363664e-08
556.3209544999991	-1.616561296e-07
557.3965441999899	-2.7628923144e-07
558.4633439999889	-2.9473783484e-07
559.5347505999962	-2.8559971067199996e-07
560.8180674999894	1.6899872992e-07
561.8203901000088	-3.41971452736e-07
562.891314700013	-2.061118856e-07
563.9633579000074	-3.1867027504e-07
565.0314836000034	-2.348760952e-07
566.3134516999999	-2.2774770176000003e-07
567.3161070999922	-2.666194428e-07
568.383158600016	-6.997938060799998e-08
569.4502743000048	-2.1731754952000006e-07
570.5163266000163	-1.6130393248e-07
571.8012064000068	-3.0918037967199996e-07
572.8209631000063	-9.062418064000001e-07
573.8875816999935	-1.859189288e-07
574.9592780999956	-2.4097798144e-07
576.030915899988	-2.0431009244800004e-07
577.320224199997	7.202425015999999e-08
578.3233370000089	-3.093097508e-07
579.3980111000128	-2.8199578175200004e-07
580.4708451000042	-2.2648482201600002e-07
581.5444956000138	-2.9657518560000005e-07
582.8305592999968	-2.0578879132e-07
583.8248147999984	-4.17797730216e-07
584.8988492999924	-3.3376003784e-07
585.966522200004	-1.58282284824e-07
587.0364613000129	-2.1923466223999997e-07
588.3154345999938	-2.6590096472e-07
589.3180698000069	-2.3431574767999996e-07
590.3847810000007	-2.4126463636e-07
591.4524803000095	-2.2859475999999994e-07
592.5193917000142	-3.5480663983999995e-07
593.8018614999892	-3.3425514783999993e-07
594.8235544000054	-1.1798963519999998e-07
595.8958133000124	-4.553843588e-07
596.9665565000032	-1.695881272e-07
598.0402640000102	-1.8576124344000003e-07
599.3268655000138	-2.6920342664e-07
600.3195583999914	-2.521189344e-07
601.3906235999893	-3.34851020048e-07
602.4630666000012	-3.3938785896e-07
603.534794200008	-1.0239075208000002e-07
604.8201531000086	-3.2362334119999997e-07
605.816200900008	-1.3936655304000002e-07
606.8894866000046	-3.314910526e-07
607.9625554000086	-1.3547580444000002e-07
609.0358424000151	-2.0499951104000004e-07
610.3232170999981	-2.581636152e-07
611.3161673000141	-3.5138326656000006e-07
612.3830387000053	-7.002283288e-08
613.450165599992	-2.166143936e-07
614.5171897000109	-6.2089148208e-07
615.7992459000088	-2.3219919403999993e-07
616.8215450000134	-3.0343784632e-07
617.892846200004	-9.830568690400002e-08
618.9662361000082	-3.6518698074399997e-07
620.0383841000148	-2.4326799524e-07
621.3220346000162	-2.2125152799999998e-07
622.3224588000157	-2.9399140435999997e-07
623.3930588999938	-1.7933702720000002e-07
624.4602245000133	-5.1215556479999996e-08
625.5322753000073	-2.3736037040000013e-08
626.8202373000095	-1.7223677851999998e-07
627.8237915000063	-3.6253903760000004e-07
628.8985488000035	-4.6411438488e-07
629.9719083000091	-4.278270996159999e-07
631.0441191999998	-3.0004331976e-07
632.326913500001	-2.2623321164000003e-07
633.3224719999998	-3.6388833747200007e-07
634.3967920000141	-4.204549864e-07
635.4707339000015	-2.4573762104e-07
636.5408555000031	-3.4731999248000006e-07
637.8226549999963	-3.6221525256e-07
638.8180506000062	-1.1226811934399999e-07
639.8895708000055	-2.7203260712e-07
640.9617547999951	-8.201761543999998e-08
642.0317611999926	-2.8014407167999997e-07
643.3178953999886	-3.6548905232e-07
644.3220463999896	-3.4073098064e-07
645.3964398000098	-2.809479756e-07
646.470776800008	-1.25497779984e-07
647.5448180999956	-4.0390062736e-07
648.8308019000106	-3.6216525928000006e-07
649.8257231999887	-2.0456895568000001e-07
650.9002422000049	-2.1601114743999996e-07
651.9742102000164	-2.3035399472000003e-07
653.0457356999977	-3.0120581379200004e-07
654.3257989000122	-3.3164298464e-07
655.3228360000066	-2.57575434032e-07
656.3970617000014	-1.2227478416e-07
657.470486700011	-6.377334102399999e-07
658.5448178999941	-6.458010866400001e-07
659.8297559999919	1.8717310488000004e-08
660.8269952000119	-2.0291096336e-07
661.9030704000033	-2.7455179347999994e-07
662.9771186000144	-2.0066358152e-07
664.0505617000163	-4.0667874907199997e-07
665.3345420999976	-1.4978964432e-07
666.3251005999919	-2.5312396735999993e-07
667.3984976999927	-4.5192529252799997e-07
668.4716302999877	-4.04338682176e-07
669.5436397000158	-2.4937698599999995e-07
670.8265756999899	-3.765478428e-08
671.8178133000038	-2.1194798064000004e-07
672.8870953000151	-1.8673028800000002e-07
673.9606331000105	-1.1066679375999998e-07
675.0360292000114	-4.879038512000001e-07
676.3227966999984	-3.9261614328000004e-07
677.326719100005	-2.065359948e-07
678.4023255000066	-3.6961634287999996e-07
679.4759811999975	-5.1027160496e-07
680.549606399989	-1.5407585344e-07
681.8357610999956	-3.16237875688e-07
682.823739000014	-1.7846068447999998e-07
683.898497599992	-3.9359987392000006e-07
684.9709231999877	-1.85266316944e-07
686.0373723999946	-2.9964771472000006e-07
687.3237073000055	-2.1699465276800004e-07
688.3251159999927	-2.5361906288e-07
689.3973903000006	-2.4025992095999997e-07
690.4726161000144	-1.7926447120000001e-07
691.5482415000151	-2.7037363008e-07
692.8345170000102	-2.0670761343999995e-07
693.8272189999989	-2.6546357417600004e-07
694.9031966000039	-4.7209656096000005e-07
695.9738913000037	-2.7535604639999993e-07
697.045370900014	-2.6251372288e-07
698.3305625999928	-1.67868786e-08
699.3260778000113	-2.1372117651999995e-07
700.4006541999988	-5.6265247136e-07
701.4756746999919	-5.8917697872e-07
702.5504898999934	-3.7056367671999997e-07
703.8351294999884	-8.961260342400001e-08
704.8190270999912	-4.3076921823999996e-07
705.8888913000119	-1.9062864704000002e-07
706.9562791000062	-4.6504681215999995e-07
708.0227537000028	-1.0876453652e-07
709.3016289999941	-3.51906164e-07
710.318695599999	-2.3901795328e-07
711.3853300999908	-1.51778405488e-07
712.458806700015	-1.78561156448e-07
713.5348044999992	-5.50449076576e-07
714.818807100004	-1.8721104576e-07
715.8257997999899	-9.297939007999999e-08
716.9005724999879	-2.6595886600000005e-07
717.9725917000032	-2.8876298719999987e-08
719.0392028999922	-2.1450415727999996e-07
720.3234919999959	-4.3760317124e-07
721.3262130999938	-1.4485823832e-07
722.395703999995	-2.6252836200000005e-07
723.4667164999992	-3.4874862287999997e-07
724.5406974999933	-1.1100471288e-07
725.8274773999874	-2.4933328591999994e-07
726.8195419000112	-4.999053922079999e-07
727.8916885000071	-4.1441649824000004e-07
728.9583618000033	-4.2181781888e-07
730.0247308000107	-4.0411536032000005e-07
731.3046932000143	-3.271842108799999e-07
732.3206873000017	-3.7835178064e-07
733.3887216000003	-1.7764953280000002e-07
734.4566196000087	-6.304519152000001e-08
735.52887129999	-1.5091654176000002e-07
736.8115950000065	-5.248067227999999e-07
737.8255545000138	-2.0285992024000001e-07
738.8972990000038	-8.793322064e-08
739.9690320999944	-2.3046682320000004e-08
741.0422970000072	-3.6136724847999995e-07
742.3264051000006	-2.6524107176e-07
743.3241025999887	-2.39003355024e-07
744.3981375000149	-4.2628963096000006e-07
745.4695912000025	-1.0245471408e-07
746.5404898000124	-1.1931008532800003e-07
747.8264558000083	-2.5315254000000007e-07
748.8246800999914	-4.118249875999999e-07
749.8960708999948	-1.6261091792e-07
750.9667788000079	-3.611812308e-07
752.0332267000049	-4.4548536848e-07
753.3194346000091	-2.2824291924e-07
754.3240874999901	-2.3856527424000007e-07
755.3993588000012	-1.6204325304e-07
756.4718812000065	-2.8452948036799996e-07
757.5421621999994	-3.64332561472e-07
758.8283220999874	-3.4286928464e-07
759.8282940000063	-5.18619519272e-07
760.9035454000114	-1.2686209168e-07
761.9772149999917	-1.4577039528e-07
763.0499903000018	-3.1125606848e-07
764.3387572999927	-1.7889855856e-07
765.3230066999968	-4.3265084816e-07
766.3899678000016	-2.7096293560000007e-07
767.462378199998	-1.22404385008e-07
768.5355238000047	-6.423001303999999e-08
769.8218839000037	-1.78755128704e-07
770.8249576000089	-2.6147954143999996e-07
771.9003419000073	-4.1250801888e-07
772.9752616999904	-3.2199451512000006e-07
774.0482201999985	-5.2463999200000006e-08
775.3361735999933	-3.4612117988e-07
776.3268421000103	-3.9170419904000005e-07
777.4023502999917	-2.4245688696000003e-07
778.4779401000123	-3.5315618545600003e-07
779.5531512000016	-2.0850984928e-07
780.8381987999892	-6.1329683416e-08
781.8204473000078	-3.7838814416000006e-07
782.8916164000111	-3.7797218312e-07
783.9653153000108	-1.7026297872e-07
785.0378964999982	5.5320516079999986e-08
786.3227176000073	-6.595216976000003e-08
787.3285147999995	-9.655376767999999e-08
788.4051575000049	-2.7750897208000007e-07
789.477489300014	-3.2897908983999993e-07
790.5518854999973	-2.9766677012e-07
791.8376199000049	-5.2041512824e-07
792.8286625999899	-3.951072555999999e-07
793.9060875000141	-3.3966820656000003e-07
794.9808840999904	-5.115997868e-07
796.0552451999974	-4.7021604152e-07
797.3388957999996	-5.060435632e-07
798.3226080999884	-2.12637702704e-07
799.3893736999889	-3.0019350344e-07
800.4637242000026	8.44577872e-08
801.537007100007	-3.4289124608e-07
802.8227659999975	-1.613256216e-07
803.8265814000042	-2.2265139692e-07
804.9015789999976	1.7782096523999998e-07
805.9754360000079	-2.1689468608000005e-07
807.0508876999957	-4.30848935328e-07
808.3346997000044	-1.9551729928e-07
809.3261472000158	-4.9439258584e-07
810.3974671000033	-3.9209248848e-07
811.4706495999999	-1.5234592672000003e-07
812.5431449000025	4.497617104000002e-08
813.8217747000162	-3.743547464e-07
815.21254030001	-2.5538591992e-07
816.154031699989	-1.4160634456e-07
817.0969707999902	1.453581568000015e-09
818.1276106000005	-3.207753334399998e-08
819.4121574000164	-6.674976864000001e-08
820.3645055000088	-2.10289726e-07
821.4293915000162	-3.6959457824e-07
822.507073100016	-1.8766358835999998e-07
823.5845778000075	-1.6817377952e-07
824.8697633999982	1.5354328512e-07
825.8308199000021	-2.579040928e-07
826.9069389000069	-4.450544680799999e-07
827.9823505000095	-5.145634672e-07
829.0575086000026	-4.0850106416000006e-07
830.3464398999931	-1.9581126008e-07
831.3259766999981	-4.56008421504e-07
832.3948565000028	-3.008965136e-07
833.4685545999964	-1.99802067296e-07
834.543213500001	-1.9899066511999997e-07
835.8305923000153	-2.4863039608e-07
836.831562300009	-3.1316452902399993e-07
837.9074790000159	-2.9594278800000004e-07
838.9830551999912	-1.6521591479999995e-07
840.0597684000095	-2.5122832832e-07
841.3710934999981	-2.4919031016000006e-07
842.3277831999876	-5.84797081376e-07
843.4011247000017	-3.9872461286400004e-07
844.4772817000048	-2.9420629168e-07
845.5477725999954	-1.7113893000799998e-07
846.829653599998	-3.9306731616e-07
847.8289310999971	-3.6893421528000003e-07
848.9025359000079	-2.0721006112e-07
849.9751535000105	-2.9293527776e-07
851.0490095000132	-2.7703526607999996e-07
852.3351645999937	-3.0047944988000007e-07
853.3294867000077	-3.7644208032e-07
854.4055293000129	-4.2646869808000006e-07
855.4799428000115	-2.5501882496e-07
856.5530422000156	-1.8002555396e-07
857.8418659000017	-2.5367589167999996e-07
858.8320648999943	-1.3335072843200002e-07
859.9084498000157	-4.188597246080001e-07
860.9817526999977	-5.602249352e-07
862.0480797000055	-1.72688966496e-07
863.3357982000161	-5.64439402352e-07
864.3310324999911	-3.37384215504e-07
865.4077719000052	-5.4032631552e-07
866.4857096000051	-5.823781568e-07
867.5634614000155	-5.3832398584e-07
868.8514304000128	-2.4791163136000006e-07
869.8327191999997	-2.3088443360000002e-07
870.9054363000032	-1.7543820313600001e-07
871.9802764999913	-4.2892357824e-07
873.0553570000047	-4.774861145600001e-07
874.3434796000074	-3.279161088e-07
875.3295395000023	-2.2857315567999998e-07
876.4039359999879	-3.4141879952000007e-07
877.4809094000084	-2.8188075608e-07
878.5504227000056	-3.1592082536000003e-07
879.8304880000069	-4.987848680000002e-07
